1AAT_ECOLI   0.49  0.29  0.48  0.50  0.56  0.24  0.35   cp
1ACEA_ECOLI  0.07  0.40  0.48  0.50  0.54  0.35  0.44   cp
1ACEK_ECOLI  0.56  0.40  0.48  0.50  0.49  0.37  0.46   cp
1ACKA_ECOLI  0.59  0.49  0.48  0.50  0.52  0.45  0.36   cp
1ADI_ECOLI   0.23  0.32  0.48  0.50  0.55  0.25  0.35   cp
1ALKH_ECOLI  0.67  0.39  0.48  0.50  0.36  0.38  0.46   cp
1AMPD_ECOLI  0.29  0.28  0.48  0.50  0.44  0.23  0.34   cp
1AMY2_ECOLI  0.21  0.34  0.48  0.50  0.51  0.28  0.39   cp
1APT_ECOLI   0.20  0.44  0.48  0.50  0.46  0.51  0.57   cp
1ARAC_ECOLI  0.42  0.40  0.48  0.50  0.56  0.18  0.30   cp
1ASG1_ECOLI  0.42  0.24  0.48  0.50  0.57  0.27  0.37   cp
1BTUR_ECOLI  0.25  0.48  0.48  0.50  0.44  0.17  0.29   cp
1CAFA_ECOLI  0.39  0.32  0.48  0.50  0.46  0.24  0.35   cp
1CAIB_ECOLI  0.51  0.50  0.48  0.50  0.46  0.32  0.35   cp
1CFA_ECOLI   0.22  0.43  0.48  0.50  0.48  0.16  0.28   cp
1CHEA_ECOLI  0.25  0.40  0.48  0.50  0.46  0.44  0.52   cp
1CHEB_ECOLI  0.34  0.45  0.48  0.50  0.38  0.24  0.35   cp
1CHEW_ECOLI  0.44  0.27  0.48  0.50  0.55  0.52  0.58   cp
1CHEY_ECOLI  0.23  0.40  0.48  0.50  0.39  0.28  0.38   cp
1CHEZ_ECOLI  0.41  0.57  0.48  0.50  0.39  0.21  0.32   cp
1CRL_ECOLI   0.40  0.45  0.48  0.50  0.38  0.22  0.00   cp
1CSPA_ECOLI  0.31  0.23  0.48  0.50  0.73  0.05  0.14   cp
1CYNR_ECOLI  0.51  0.54  0.48  0.50  0.41  0.34  0.43   cp
1CYPB_ECOLI  0.30  0.16  0.48  0.50  0.56  0.11  0.23   cp
1CYPC_ECOLI  0.36  0.39  0.48  0.50  0.48  0.22  0.23   cp
1CYSB_ECOLI  0.29  0.37  0.48  0.50  0.48  0.44  0.52   cp
1CYSE_ECOLI  0.25  0.40  0.48  0.50  0.47  0.33  0.42   cp
1DAPD_ECOLI  0.21  0.51  0.48  0.50  0.50  0.32  0.41   cp
1DCP_ECOLI   0.43  0.37  0.48  0.50  0.53  0.35  0.44   cp
1DDLA_ECOLI  0.43  0.39  0.48  0.50  0.47  0.31  0.41   cp
1DDLB_ECOLI  0.53  0.38  0.48  0.50  0.44  0.26  0.36   cp
1DEOC_ECOLI  0.34  0.33  0.48  0.50  0.38  0.35  0.44   cp
1DLDH_ECOLI  0.56  0.51  0.48  0.50  0.34  0.37  0.46   cp
1EFG_ECOLI   0.40  0.29  0.48  0.50  0.42  0.35  0.44   cp
1EFTS_ECOLI  0.24  0.35  0.48  0.50  0.31  0.19  0.31   cp
1EFTU_ECOLI  0.36  0.54  0.48  0.50  0.41  0.38  0.46   cp
1ENO_ECOLI   0.29  0.52  0.48  0.50  0.42  0.29  0.39   cp
1FABB_ECOLI  0.65  0.47  0.48  0.50  0.59  0.30  0.40   cp
1FES_ECOLI   0.32  0.42  0.48  0.50  0.35  0.28  0.38   cp
1G3P1_ECOLI  0.38  0.46  0.48  0.50  0.48  0.22  0.29   cp
1G3P2_ECOLI  0.33  0.45  0.48  0.50  0.52  0.32  0.41   cp
1G6PI_ECOLI  0.30  0.37  0.48  0.50  0.59  0.41  0.49   cp
1GCVA_ECOLI  0.40  0.50  0.48  0.50  0.45  0.39  0.47   cp
1GLNA_ECOLI  0.28  0.38  0.48  0.50  0.50  0.33  0.42   cp
1GLPD_ECOLI  0.61  0.45  0.48  0.50  0.48  0.35  0.41   cp
1GLYA_ECOLI  0.17  0.38  0.48  0.50  0.45  0.42  0.50   cp
1GSHR_ECOLI  0.44  0.35  0.48  0.50  0.55  0.55  0.61   cp
1GT_ECOLI    0.43  0.40  0.48  0.50  0.39  0.28  0.39   cp
1HEM6_ECOLI  0.42  0.35  0.48  0.50  0.58  0.15  0.27   cp
1HEMN_ECOLI  0.23  0.33  0.48  0.50  0.43  0.33  0.43   cp
1HPRT_ECOLI  0.37  0.52  0.48  0.50  0.42  0.42  0.36   cp
1IF1_ECOLI   0.29  0.30  0.48  0.50  0.45  0.03  0.17   cp
1IF2_ECOLI   0.22  0.36  0.48  0.50  0.35  0.39  0.47   cp
1ILVY_ECOLI  0.23  0.58  0.48  0.50  0.37  0.53  0.59   cp
1IPYR_ECOLI  0.47  0.47  0.48  0.50  0.22  0.16  0.26   cp
1KAD_ECOLI   0.54  0.47  0.48  0.50  0.28  0.33  0.42   cp
1KDSA_ECOLI  0.51  0.37  0.48  0.50  0.35  0.36  0.45   cp
1LEU3_ECOLI  0.40  0.35  0.48  0.50  0.45  0.33  0.42   cp
1LON_ECOLI   0.44  0.34  0.48  0.50  0.30  0.33  0.43   cp
1LPLA_ECOLI  0.42  0.38  0.48  0.50  0.54  0.34  0.43   cp
1LYSR_ECOLI  0.44  0.56  0.48  0.50  0.50  0.46  0.54   cp
1MALQ_ECOLI  0.52  0.36  0.48  0.50  0.41  0.28  0.38   cp
1MALZ_ECOLI  0.36  0.41  0.48  0.50  0.48  0.47  0.54   cp
1MASY_ECOLI  0.18  0.30  0.48  0.50  0.46  0.24  0.35   cp
1METB_ECOLI  0.47  0.29  0.48  0.50  0.51  0.33  0.43   cp
1METC_ECOLI  0.24  0.43  0.48  0.50  0.54  0.52  0.59   cp
1METK_ECOLI  0.25  0.37  0.48  0.50  0.41  0.33  0.42   cp
1METR_ECOLI  0.52  0.57  0.48  0.50  0.42  0.47  0.54   cp
1METX_ECOLI  0.25  0.37  0.48  0.50  0.43  0.26  0.36   cp
1MURF_ECOLI  0.35  0.48  0.48  0.50  0.56  0.40  0.48   cp
1NADA_ECOLI  0.26  0.26  0.48  0.50  0.34  0.25  0.35   cp
1NFRC_ECOLI  0.44  0.51  0.48  0.50  0.47  0.26  0.36   cp
1NHAR_ECOLI  0.37  0.50  0.48  0.50  0.42  0.36  0.45   cp
1NIRD_ECOLI  0.44  0.42  0.48  0.50  0.42  0.25  0.20   cp
1OMPR_ECOLI  0.24  0.43  0.48  0.50  0.37  0.28  0.38   cp
1OTC1_ECOLI  0.42  0.30  0.48  0.50  0.48  0.26  0.36   cp
1OTC2_ECOLI  0.48  0.42  0.48  0.50  0.45  0.25  0.35   cp
1PEPE_ECOLI  0.41  0.48  0.48  0.50  0.51  0.44  0.51   cp
1PFLA_ECOLI  0.44  0.28  0.48  0.50  0.43  0.27  0.37   cp
1PFLB_ECOLI  0.29  0.41  0.48  0.50  0.48  0.38  0.46   cp
1PGK_ECOLI   0.34  0.28  0.48  0.50  0.41  0.35  0.44   cp
1PHOB_ECOLI  0.41  0.43  0.48  0.50  0.45  0.31  0.41   cp
1PHOH_ECOLI  0.29  0.47  0.48  0.50  0.41  0.23  0.34   cp
1PMBA_ECOLI  0.34  0.55  0.48  0.50  0.58  0.31  0.41   cp
1PNP_ECOLI   0.36  0.56  0.48  0.50  0.43  0.45  0.53   cp
1PROB_ECOLI  0.40  0.46  0.48  0.50  0.52  0.49  0.56   cp
1PT1A_ECOLI  0.50  0.49  0.48  0.50  0.49  0.46  0.53   cp
1PT1_ECOLI   0.52  0.44  0.48  0.50  0.37  0.36  0.42   cp
1PTCA_ECOLI  0.50  0.51  0.48  0.50  0.27  0.23  0.34   cp
1PTCB_ECOLI  0.53  0.42  0.48  0.50  0.16  0.29  0.39   cp
1PTFA_ECOLI  0.34  0.46  0.48  0.50  0.52  0.35  0.44   cp
1PTGA_ECOLI  0.40  0.42  0.48  0.50  0.37  0.27  0.27   cp
1PTHA_ECOLI  0.41  0.43  0.48  0.50  0.50  0.24  0.25   cp
1PTHP_ECOLI  0.30  0.45  0.48  0.50  0.36  0.21  0.32   cp
1PTKA_ECOLI  0.31  0.47  0.48  0.50  0.29  0.28  0.39   cp
1PTKB_ECOLI  0.64  0.76  0.48  0.50  0.45  0.35  0.38   cp
1PTNA_ECOLI  0.35  0.37  0.48  0.50  0.30  0.34  0.43   cp
1PTWB_ECOLI  0.57  0.54  0.48  0.50  0.37  0.28  0.33   cp
1PTWX_ECOLI  0.65  0.55  0.48  0.50  0.34  0.37  0.28   cp
1RHAR_ECOLI  0.51  0.46  0.48  0.50  0.58  0.31  0.41   cp
1RHAS_ECOLI  0.38  0.40  0.48  0.50  0.63  0.25  0.35   cp
1RIMI_ECOLI  0.24  0.57  0.48  0.50  0.63  0.34  0.43   cp
1RIMJ_ECOLI  0.38  0.26  0.48  0.50  0.54  0.16  0.28   cp
1RIML_ECOLI  0.33  0.47  0.48  0.50  0.53  0.18  0.29   cp
1RNB_ECOLI   0.24  0.34  0.48  0.50  0.38  0.30  0.40   cp
1RNC_ECOLI   0.26  0.50  0.48  0.50  0.44  0.32  0.41   cp
1RND_ECOLI   0.44  0.49  0.48  0.50  0.39  0.38  0.40   cp
1RNE_ECOLI   0.43  0.32  0.48  0.50  0.33  0.45  0.52   cp
1SERC_ECOLI  0.49  0.43  0.48  0.50  0.49  0.30  0.40   cp
1SLYD_ECOLI  0.47  0.28  0.48  0.50  0.56  0.20  0.25   cp
1SOXS_ECOLI  0.32  0.33  0.48  0.50  0.60  0.06  0.20   cp
1SYA_ECOLI   0.34  0.35  0.48  0.50  0.51  0.49  0.56   cp
1SYC_ECOLI   0.35  0.34  0.48  0.50  0.46  0.30  0.27   cp
1SYD_ECOLI   0.38  0.30  0.48  0.50  0.43  0.29  0.39   cp
1SYE_ECOLI   0.38  0.44  0.48  0.50  0.43  0.20  0.31   cp
1SYFA_ECOLI  0.41  0.51  0.48  0.50  0.58  0.20  0.31   cp
1SYFB_ECOLI  0.34  0.42  0.48  0.50  0.41  0.34  0.43   cp
1SYGA_ECOLI  0.51  0.49  0.48  0.50  0.53  0.14  0.26   cp
1SYGB_ECOLI  0.25  0.51  0.48  0.50  0.37  0.42  0.50   cp
1SYH_ECOLI   0.29  0.28  0.48  0.50  0.50  0.42  0.50   cp
1SYI_ECOLI   0.25  0.26  0.48  0.50  0.39  0.32  0.42   cp
1SYK1_ECOLI  0.24  0.41  0.48  0.50  0.49  0.23  0.34   cp
1SYK2_ECOLI  0.17  0.39  0.48  0.50  0.53  0.30  0.39   cp
1SYL_ECOLI   0.04  0.31  0.48  0.50  0.41  0.29  0.39   cp
1SYM_ECOLI   0.61  0.36  0.48  0.50  0.49  0.35  0.44   cp
1SYP_ECOLI   0.34  0.51  0.48  0.50  0.44  0.37  0.46   cp
1SYQ_ECOLI   0.28  0.33  0.48  0.50  0.45  0.22  0.33   cp
1SYR_ECOLI   0.40  0.46  0.48  0.50  0.42  0.35  0.44   cp
1SYS_ECOLI   0.23  0.34  0.48  0.50  0.43  0.26  0.37   cp
1SYT_ECOLI   0.37  0.44  0.48  0.50  0.42  0.39  0.47   cp
1SYV_ECOLI   0.00  0.38  0.48  0.50  0.42  0.48  0.55   cp
1SYW_ECOLI   0.39  0.31  0.48  0.50  0.38  0.34  0.43   cp
1SYY_ECOLI   0.30  0.44  0.48  0.50  0.49  0.22  0.33   cp
1THGA_ECOLI  0.27  0.30  0.48  0.50  0.71  0.28  0.39   cp
1THIK_ECOLI  0.17  0.52  0.48  0.50  0.49  0.37  0.46   cp
1TYRB_ECOLI  0.36  0.42  0.48  0.50  0.53  0.32  0.41   cp
1UBIC_ECOLI  0.30  0.37  0.48  0.50  0.43  0.18  0.30   cp
1UGPQ_ECOLI  0.26  0.40  0.48  0.50  0.36  0.26  0.37   cp
1USPA_ECOLI  0.40  0.41  0.48  0.50  0.55  0.22  0.33   cp
1UVRB_ECOLI  0.22  0.34  0.48  0.50  0.42  0.29  0.39   cp
1UVRC_ECOLI  0.44  0.35  0.48  0.50  0.44  0.52  0.59   cp
1XGPT_ECOLI  0.27  0.42  0.48  0.50  0.37  0.38  0.43   cp
2EMRA_ECOLI  0.06  0.61  0.48  0.50  0.49  0.92  0.37   im
2AAS_ECOLI   0.44  0.52  0.48  0.50  0.43  0.47  0.54   im
2AMPE_ECOLI  0.63  0.47  0.48  0.50  0.51  0.82  0.84   im
2ARAE_ECOLI  0.23  0.48  0.48  0.50  0.59  0.88  0.89   im
2ARAH_ECOLI  0.34  0.49  0.48  0.50  0.58  0.85  0.80   im
2AROP_ECOLI  0.43  0.40  0.48  0.50  0.58  0.75  0.78   im
2ATKB_ECOLI  0.46  0.61  0.48  0.50  0.48  0.86  0.87   im
2ATP6_ECOLI  0.27  0.35  0.48  0.50  0.51  0.77  0.79   im
2BETT_ECOLI  0.52  0.39  0.48  0.50  0.65  0.71  0.73   im
2CODB_ECOLI  0.29  0.47  0.48  0.50  0.71  0.65  0.69   im
2CYDA_ECOLI  0.55  0.47  0.48  0.50  0.57  0.78  0.80   im
2CYOC_ECOLI  0.12  0.67  0.48  0.50  0.74  0.58  0.63   im
2CYOD_ECOLI  0.40  0.50  0.48  0.50  0.65  0.82  0.84   im
2DCTA_ECOLI  0.73  0.36  0.48  0.50  0.53  0.91  0.92   im
2DHG_ECOLI   0.84  0.44  0.48  0.50  0.48  0.71  0.74   im
2DHSC_ECOLI  0.48  0.45  0.48  0.50  0.60  0.78  0.80   im
2DHSD_ECOLI  0.54  0.49  0.48  0.50  0.40  0.87  0.88   im
2DPPC_ECOLI  0.48  0.41  0.48  0.50  0.51  0.90  0.88   im
2DSBB_ECOLI  0.50  0.66  0.48  0.50  0.31  0.92  0.92   im
2ENVZ_ECOLI  0.72  0.46  0.48  0.50  0.51  0.66  0.70   im
2EXBB_ECOLI  0.47  0.55  0.48  0.50  0.58  0.71  0.75   im
2FRDC_ECOLI  0.33  0.56  0.48  0.50  0.33  0.78  0.80   im
2FRDD_ECOLI  0.64  0.58  0.48  0.50  0.48  0.78  0.73   im
2FTSW_ECOLI  0.54  0.57  0.48  0.50  0.56  0.81  0.83   im
2GABP_ECOLI  0.47  0.59  0.48  0.50  0.52  0.76  0.79   im
2GALP_ECOLI  0.63  0.50  0.48  0.50  0.59  0.85  0.86   im
2GLNP_ECOLI  0.49  0.42  0.48  0.50  0.53  0.79  0.81   im
2GLPT_ECOLI  0.31  0.50  0.48  0.50  0.57  0.84  0.85   im
2GLTP_ECOLI  0.74  0.44  0.48  0.50  0.55  0.88  0.89   im
2KDGL_ECOLI  0.33  0.45  0.48  0.50  0.45  0.88  0.89   im
2KGTP_ECOLI  0.45  0.40  0.48  0.50  0.61  0.74  0.77   im
2LACY_ECOLI  0.71  0.40  0.48  0.50  0.71  0.70  0.74   im
2LGT_ECOLI   0.50  0.37  0.48  0.50  0.66  0.64  0.69   im
2LLDP_ECOLI  0.66  0.53  0.48  0.50  0.59  0.66  0.66   im
2LNT_ECOLI   0.60  0.61  0.48  0.50  0.54  0.67  0.71   im
2LSPA_ECOLI  0.83  0.37  0.48  0.50  0.61  0.71  0.74   im
2LYSP_ECOLI  0.34  0.51  0.48  0.50  0.67  0.90  0.90   im
2MALF_ECOLI  0.63  0.54  0.48  0.50  0.65  0.79  0.81   im
2MALG_ECOLI  0.70  0.40  0.48  0.50  0.56  0.86  0.83   im
2MCP3_ECOLI  0.60  0.50  1.00  0.50  0.54  0.77  0.80   im
2MSBB_ECOLI  0.16  0.51  0.48  0.50  0.33  0.39  0.48   im
2MTR_ECOLI   0.74  0.70  0.48  0.50  0.66  0.65  0.69   im
2NANT_ECOLI  0.20  0.46  0.48  0.50  0.57  0.78  0.81   im
2NHAA_ECOLI  0.89  0.55  0.48  0.50  0.51  0.72  0.76   im
2NHAB_ECOLI  0.70  0.46  0.48  0.50  0.56  0.78  0.73   im
2PHEP_ECOLI  0.12  0.43  0.48  0.50  0.63  0.70  0.74   im
2PHOR_ECOLI  0.61  0.52  0.48  0.50  0.54  0.67  0.52   im
2PNTA_ECOLI  0.33  0.37  0.48  0.50  0.46  0.65  0.69   im
2POTE_ECOLI  0.63  0.65  0.48  0.50  0.66  0.67  0.71   im
2PROP_ECOLI  0.41  0.51  0.48  0.50  0.53  0.75  0.78   im
2PSTA_ECOLI  0.34  0.67  0.48  0.50  0.52  0.76  0.79   im
2PSTC_ECOLI  0.58  0.34  0.48  0.50  0.56  0.87  0.81   im
2PTAA_ECOLI  0.59  0.56  0.48  0.50  0.55  0.80  0.82   im
2PTBA_ECOLI  0.51  0.40  0.48  0.50  0.57  0.62  0.67   im
2PTCC_ECOLI  0.50  0.57  0.48  0.50  0.71  0.61  0.66   im
2PTDA_ECOLI  0.60  0.46  0.48  0.50  0.45  0.81  0.83   im
2PTFB_ECOLI  0.37  0.47  0.48  0.50  0.39  0.76  0.79   im
2PTGB_ECOLI  0.58  0.55  0.48  0.50  0.57  0.70  0.74   im
2PTHB_ECOLI  0.36  0.47  0.48  0.50  0.51  0.69  0.72   im
2PTMA_ECOLI  0.39  0.41  0.48  0.50  0.52  0.72  0.75   im
2PTOA_ECOLI  0.35  0.51  0.48  0.50  0.61  0.71  0.74   im
2PTTB_ECOLI  0.31  0.44  0.48  0.50  0.50  0.79  0.82   im
2RODA_ECOLI  0.61  0.66  0.48  0.50  0.46  0.87  0.88   im
2SECE_ECOLI  0.48  0.49  0.48  0.50  0.52  0.77  0.71   im
2SECF_ECOLI  0.11  0.50  0.48  0.50  0.58  0.72  0.68   im
2SECY_ECOLI  0.31  0.36  0.48  0.50  0.58  0.94  0.94   im
2TNAB_ECOLI  0.68  0.51  0.48  0.50  0.71  0.75  0.78   im
2XYLE_ECOLI  0.69  0.39  0.48  0.50  0.57  0.76  0.79   im
2YCEE_ECOLI  0.52  0.54  0.48  0.50  0.62  0.76  0.79   im
2EXBD_ECOLI  0.46  0.59  0.48  0.50  0.36  0.76  0.23   im
2FTSL_ECOLI  0.36  0.45  0.48  0.50  0.38  0.79  0.17   im
2FTSN_ECOLI  0.00  0.51  0.48  0.50  0.35  0.67  0.44   im
2FTSQ_ECOLI  0.10  0.49  0.48  0.50  0.41  0.67  0.21   im
2MOTB_ECOLI  0.30  0.51  0.48  0.50  0.42  0.61  0.34   im
2TOLA_ECOLI  0.61  0.47  0.48  0.50  0.00  0.80  0.32   im
2TOLQ_ECOLI  0.63  0.75  0.48  0.50  0.64  0.73  0.66   im
2EMRB_ECOLI  0.71  0.52  0.48  0.50  0.64  1.00  0.99   im
3ATKC_ECOLI  0.85  0.53  0.48  0.50  0.53  0.52  0.35  imS
3NFRB_ECOLI  0.63  0.49  0.48  0.50  0.54  0.76  0.79  imS
4NLPA_ECOLI  0.75  0.55  1.00  1.00  0.40  0.47  0.30  imL
4CYOA_ECOLI  0.70  0.39  1.00  0.50  0.51  0.82  0.84  imL
5ATKA_ECOLI  0.72  0.42  0.48  0.50  0.65  0.77  0.79  imU
5BCR_ECOLI   0.79  0.41  0.48  0.50  0.66  0.81  0.83  imU
5CADB_ECOLI  0.83  0.48  0.48  0.50  0.65  0.76  0.79  imU
5CAIT_ECOLI  0.69  0.43  0.48  0.50  0.59  0.74  0.77  imU
5CPXA_ECOLI  0.79  0.36  0.48  0.50  0.46  0.82  0.70  imU
5CRED_ECOLI  0.78  0.33  0.48  0.50  0.57  0.77  0.79  imU
5CYDB_ECOLI  0.75  0.37  0.48  0.50  0.64  0.70  0.74  imU
5CYOB_ECOLI  0.59  0.29  0.48  0.50  0.64  0.75  0.77  imU
5CYOE_ECOLI  0.67  0.37  0.48  0.50  0.54  0.64  0.68  imU
5DMSC_ECOLI  0.66  0.48  0.48  0.50  0.54  0.70  0.74  imU
5DPPB_ECOLI  0.64  0.46  0.48  0.50  0.48  0.73  0.76  imU
5DSBD_ECOLI  0.76  0.71  0.48  0.50  0.50  0.71  0.75  imU
5FEPD_ECOLI  0.84  0.49  0.48  0.50  0.55  0.78  0.74  imU
5FEPG_ECOLI  0.77  0.55  0.48  0.50  0.51  0.78  0.74  imU
5FTSH_ECOLI  0.81  0.44  0.48  0.50  0.42  0.67  0.68  imU
5GLTS_ECOLI  0.58  0.60  0.48  0.50  0.59  0.73  0.76  imU
5KEFC_ECOLI  0.63  0.42  0.48  0.50  0.48  0.77  0.80  imU
5KUP_ECOLI   0.62  0.42  0.48  0.50  0.58  0.79  0.81  imU
5MCP1_ECOLI  0.86  0.39  0.48  0.50  0.59  0.89  0.90  imU
5MCP2_ECOLI  0.81  0.53  0.48  0.50  0.57  0.87  0.88  imU
5MCP4_ECOLI  0.87  0.49  0.48  0.50  0.61  0.76  0.79  imU
5MELB_ECOLI  0.47  0.46  0.48  0.50  0.62  0.74  0.77  imU
5MOTA_ECOLI  0.76  0.41  0.48  0.50  0.50  0.59  0.62  imU
5NUPC_ECOLI  0.70  0.53  0.48  0.50  0.70  0.86  0.87  imU
5NUPG_ECOLI  0.64  0.45  0.48  0.50  0.67  0.61  0.66  imU
5PNTB_ECOLI  0.81  0.52  0.48  0.50  0.57  0.78  0.80  imU
5PTKC_ECOLI  0.73  0.26  0.48  0.50  0.57  0.75  0.78  imU
5RHAT_ECOLI  0.49  0.61  1.00  0.50  0.56  0.71  0.74  imU
5SECD_ECOLI  0.88  0.42  0.48  0.50  0.52  0.73  0.75  imU
5SECG_ECOLI  0.84  0.54  0.48  0.50  0.75  0.92  0.70  imU
5TEHA_ECOLI  0.63  0.51  0.48  0.50  0.64  0.72  0.76  imU
5TYRP_ECOLI  0.86  0.55  0.48  0.50  0.63  0.81  0.83  imU
5UHPB_ECOLI  0.79  0.54  0.48  0.50  0.50  0.66  0.68  imU
5TONB_ECOLI  0.57  0.38  0.48  0.50  0.06  0.49  0.33  imU
5LEP_ECOLI   0.78  0.44  0.48  0.50  0.45  0.73  0.68  imU
6FADL_ECOLI  0.78  0.68  0.48  0.50  0.83  0.40  0.29   om
6FHUA_ECOLI  0.63  0.69  0.48  0.50  0.65  0.41  0.28   om
6LAMB_ECOLI  0.67  0.88  0.48  0.50  0.73  0.50  0.25   om
6NFRA_ECOLI  0.61  0.75  0.48  0.50  0.51  0.33  0.33   om
6NMPC_ECOLI  0.67  0.84  0.48  0.50  0.74  0.54  0.37   om
6OMPA_ECOLI  0.74  0.90  0.48  0.50  0.57  0.53  0.29   om
6OMPC_ECOLI  0.73  0.84  0.48  0.50  0.86  0.58  0.29   om
6OMPF_ECOLI  0.75  0.76  0.48  0.50  0.83  0.57  0.30   om
6OMPX_ECOLI  0.77  0.57  0.48  0.50  0.88  0.53  0.20   om
6PHOE_ECOLI  0.74  0.78  0.48  0.50  0.75  0.54  0.15   om
6TSX_ECOLI   0.68  0.76  0.48  0.50  0.84  0.45  0.27   om
6BTUB_ECOLI  0.56  0.68  0.48  0.50  0.77  0.36  0.45   om
6CIRA_ECOLI  0.65  0.51  0.48  0.50  0.66  0.54  0.33   om
6FECA_ECOLI  0.52  0.81  0.48  0.50  0.72  0.38  0.38   om
6FEPA_ECOLI  0.64  0.57  0.48  0.50  0.70  0.33  0.26   om
6FHUE_ECOLI  0.60  0.76  1.00  0.50  0.77  0.59  0.52   om
6OMPP_ECOLI  0.69  0.59  0.48  0.50  0.77  0.39  0.21   om
6OMPT_ECOLI  0.63  0.49  0.48  0.50  0.79  0.45  0.28   om
6TOLC_ECOLI  0.71  0.71  0.48  0.50  0.68  0.43  0.36   om
6PA1_ECOLI   0.68  0.63  0.48  0.50  0.73  0.40  0.30   om
7MULI_ECOLI  0.77  0.57  1.00  0.50  0.37  0.54  0.01  omL
7NLPB_ECOLI  0.66  0.49  1.00  0.50  0.54  0.56  0.36  omL
7NLPE_ECOLI  0.71  0.46  1.00  0.50  0.52  0.59  0.30  omL
7PAL_ECOLI   0.67  0.55  1.00  0.50  0.66  0.58  0.16  omL
7SLP_ECOLI   0.68  0.49  1.00  0.50  0.62  0.55  0.28  omL
8AGP_ECOLI   0.74  0.49  0.48  0.50  0.42  0.54  0.36   pp
8AMY1_ECOLI  0.70  0.61  0.48  0.50  0.56  0.52  0.43   pp
8ARAF_ECOLI  0.66  0.86  0.48  0.50  0.34  0.41  0.36   pp
8ASG2_ECOLI  0.73  0.78  0.48  0.50  0.58  0.51  0.31   pp
8BGLX_ECOLI  0.65  0.57  0.48  0.50  0.47  0.47  0.51   pp
8C562_ECOLI  0.72  0.86  0.48  0.50  0.17  0.55  0.21   pp
8CN16_ECOLI  0.67  0.70  0.48  0.50  0.46  0.45  0.33   pp
8CYPH_ECOLI  0.67  0.81  0.48  0.50  0.54  0.49  0.23   pp
8CYSP_ECOLI  0.67  0.61  0.48  0.50  0.51  0.37  0.38   pp
8DGAL_ECOLI  0.63  1.00  0.48  0.50  0.35  0.51  0.49   pp
8DPPA_ECOLI  0.57  0.59  0.48  0.50  0.39  0.47  0.33   pp
8DSBA_ECOLI  0.71  0.71  0.48  0.50  0.40  0.54  0.39   pp
8DSBC_ECOLI  0.66  0.74  0.48  0.50  0.31  0.38  0.43   pp
8ECOT_ECOLI  0.67  0.81  0.48  0.50  0.25  0.42  0.25   pp
8ECPD_ECOLI  0.64  0.72  0.48  0.50  0.49  0.42  0.19   pp
8FECB_ECOLI  0.68  0.82  0.48  0.50  0.38  0.65  0.56   pp
8FECR_ECOLI  0.32  0.39  0.48  0.50  0.53  0.28  0.38   pp
8FEPB_ECOLI  0.70  0.64  0.48  0.50  0.47  0.51  0.47   pp
8FIMC_ECOLI  0.63  0.57  0.48  0.50  0.49  0.70  0.20   pp
8GGT_ECOLI   0.74  0.82  0.48  0.50  0.49  0.49  0.41   pp
8GLNH_ECOLI  0.63  0.86  0.48  0.50  0.39  0.47  0.34   pp
8GLPQ_ECOLI  0.63  0.83  0.48  0.50  0.40  0.39  0.19   pp
8HTRA_ECOLI  0.63  0.71  0.48  0.50  0.60  0.40  0.39   pp
8LIVJ_ECOLI  0.71  0.86  0.48  0.50  0.40  0.54  0.32   pp
8LIVK_ECOLI  0.68  0.78  0.48  0.50  0.43  0.44  0.42   pp
8MALE_ECOLI  0.64  0.84  0.48  0.50  0.37  0.45  0.40   pp
8MALM_ECOLI  0.74  0.47  0.48  0.50  0.50  0.57  0.42   pp
8MEPA_ECOLI  0.75  0.84  0.48  0.50  0.35  0.52  0.33   pp
8MODA_ECOLI  0.63  0.65  0.48  0.50  0.39  0.44  0.35   pp
8NRFA_ECOLI  0.69  0.67  0.48  0.50  0.30  0.39  0.24   pp
8NRFF_ECOLI  0.70  0.71  0.48  0.50  0.42  0.84  0.85   pp
8OPPA_ECOLI  0.69  0.80  0.48  0.50  0.46  0.57  0.26   pp
8OSMY_ECOLI  0.64  0.66  0.48  0.50  0.41  0.39  0.20   pp
8POTD_ECOLI  0.63  0.80  0.48  0.50  0.46  0.31  0.29   pp
8POTF_ECOLI  0.66  0.71  0.48  0.50  0.41  0.50  0.35   pp
8PPA_ECOLI   0.69  0.59  0.48  0.50  0.46  0.44  0.52   pp
8PPB_ECOLI   0.68  0.67  0.48  0.50  0.49  0.40  0.34   pp
8PROX_ECOLI  0.64  0.78  0.48  0.50  0.50  0.36  0.38   pp
8PSTS_ECOLI  0.62  0.78  0.48  0.50  0.47  0.49  0.54   pp
8PTR_ECOLI   0.76  0.73  0.48  0.50  0.44  0.39  0.39   pp
8RBSB_ECOLI  0.64  0.81  0.48  0.50  0.37  0.39  0.44   pp
8SPEA_ECOLI  0.29  0.39  0.48  0.50  0.52  0.40  0.48   pp
8SUBI_ECOLI  0.62  0.83  0.48  0.50  0.46  0.36  0.40   pp
8TBPA_ECOLI  0.56  0.54  0.48  0.50  0.43  0.37  0.30   pp
8TESA_ECOLI  0.69  0.66  0.48  0.50  0.41  0.50  0.25   pp
8TOLB_ECOLI  0.69  0.65  0.48  0.50  0.63  0.48  0.41   pp
8TORA_ECOLI  0.43  0.59  0.48  0.50  0.52  0.49  0.56   pp
8TREA_ECOLI  0.74  0.56  0.48  0.50  0.47  0.68  0.30   pp
8UGPB_ECOLI  0.71  0.57  0.48  0.50  0.48  0.35  0.32   pp
8USHA_ECOLI  0.61  0.60  0.48  0.50  0.44  0.39  0.38   pp
8XYLF_ECOLI  0.59  0.61  0.48  0.50  0.42  0.42  0.37   pp
8YTFQ_ECOLI  0.74  0.74  0.48  0.50  0.31  0.53  0.52   pp